[#####] (0,1,3) (0,3,4) (0,4) (2,3,4) (0,1,2) (0,1,3,4) (1,2,3,4) {17,19,27,35,35}
[###.#..#.] (0,3,5,6,7,8) (0,2,6,7,8) (0,1,2,3,5,6) (2,4) (2,3,5,6,7,8) (1,3,8) (3,4,5,6,7) {24,6,39,27,24,24,34,31,30}
[#..#...] (2,3,5) (2,3,4,5,6) (0,2,3,4,5,6) (3,5) (1) (1,2,5) {9,189,203,26,12,204,12}
[#...##] (0,2,3,4) (2,3) (0,1,3,4,5) (0,4,5) {198,7,198,205,198,20}
[..######] (1,2,4,7) (4,5,7) (0,1,2,5,6,7) (0,1,4,5,6,7) (2,3) (2,4,6) {20,36,33,5,28,24,20,40}
[..###.#.##] (0,1,2,3,4,7,9) (0,3,4,7) (0,1,2,3,5,6,7,8,9) (1,2,4,5,6,7,8,9) (0,1,2,5,9) (4,5,6) (1,3,5,6,7,9) (2,3,5,8,9) (0,1,2,3,5,6,8,9) {165,65,76,185,156,98,69,159,64,85}
[#..####.] (0,1,2,3,5) (1,2,4,6,7) (0,3,4,5,6) (1,3) (0,3,5,6,7) (0,3) (1,2,3,6,7) (2,5,7) (1,2,4,6) {67,60,57,96,29,60,65,49}
[..##.##..] (0,2,6,7,8) (1,4,6,8) (1,7) (1,2,3,5,6,7,8) (2,6,7) (2,4) (1,2,3,4,5,6,8) (0,2,3,4,5,6,7) {7,38,33,20,15,20,32,36,27}
[#..#.#] (0,1) (0,1,4) (2) (0,1,2) (4,5) (1,2,3,4) (0,1,2,5) (4) {61,67,49,6,48,23}
[.#.###] (0,3,4) (0,1,2,4,5) (2,3,4) (1,3,4,5) {27,39,31,37,57,39}
[#.####.#] (3,5) (0,1,2,3,4,7) (1,5) (0,2,4,5,6) (0,1,3,5,7) (0,3,4,5,7) (4,6,7) {217,216,24,210,41,209,21,224}
[##.#..####] (0,1,2,3,4,5,6,9) (0,3,4,8,9) (1,5,6,7,8) (0,1,3,6,7) (0,1,2,3,4,5,7,9) (2,4,7,8,9) (4,7) (2,3,5,7) (0,1,2,4,6,9) (0,2,4,5,6,9) (0,3,5,6,7,8,9) (0,1,4,5,6,7) (1,4) {252,236,239,76,237,77,244,70,29,241}
[#.#.] (0,2) (1,3) {2,17,2,17}
[..##.##.##] (5,6,7) (0,1,2,5,6,9) (0,1,2,3,4,6,7,9) (2,3,7,8,9) (0,1,2,3,4,5,6,8,9) (0,2,4,5,6,8,9) (5,8) (0,3,4,9) (2,3,4,5,6,7) (1,2,3,4,5,6,7,9) (2,7) (1,2,5,9) (1,2,3,5,7,8,9) {64,72,112,62,52,106,79,71,64,108}
[##.#.] (1,2,4) (0,1,2,4) (1,3) (0,3,4) {20,38,31,14,38}
[...#####.] (0,2,3,7) (1,4,5,8) (2,7,8) (0,1,2,3,4,5,6,7) (2,5,6) (0,4,5,7) (1,2,3,4,6,7) {200,212,218,203,215,215,198,215,29}
[.#.####.#] (8) (1,4,7) (0,1,3,4) (2,3,4,6,7,8) (0,2,3,4,5,8) (0,2,3,4,5,7) (0,1,5,6,7,8) (0,3,7,8) (0,2,5,7) (0,2,3,6,7) {80,22,56,70,45,36,26,70,49}
[..#..] (0,2) (1,2) (0,1,3,4) (1,4) (0) {8,14,3,4,12}
[#..##..#] (0,1,2,4,5,7) (0,1,3,5) (2,3,4,6,7) (1,2,4,5,6) (0,1,2,3,5) (0,5) (7) (0,2,3,4) {72,64,66,41,57,81,26,37}
[###.#] (2,3,4) (0,3) (0,1,3,4) (1,2,3,4) (0,2,3,4) (0) {28,12,29,40,35}
[.#...#.#..] (3,6,8) (1,5) (0,1,4,9) (0,1,2,3,4,7,8,9) (0,1,3,5,6,7,8) (4,5,8) (2,3,6,9) (2,3,7,9) {42,58,54,73,27,31,39,49,33,67}
[..#..#] (0,2,3) (3,4) (1,2,3) (2) (5) (0,2,4,5) (3,4,5) {14,5,24,31,14,23}
[.#...#....] (0) (1,5) (4,5,6) (1,3,4,8,9) (0,3,7) (1,5,6) (2,5,8,9) (1,2,3,4,5,7,8,9) (0,1,2,3,4,7,8,9) (2,3,4,8,9) {25,45,55,54,55,35,7,21,71,71}
[#.##.#] (2,5) (0,1,2,5) (1,3,4,5) (1) (1,2,4,5) (1,2,3,5) (0,1,2,3,4) {24,56,49,14,28,43}
[#.##] (0,2) (0,1,2) (0,3) (2) (2,3) (1,2) {40,17,62,24}
[#...##..] (0,1,3,5,7) (4,6) (0,3,4) (3,4,5,6) (1,2,3,4,5,6) (1,2,4) (0,2) (1,3,4,6,7) (2,3,4,5,7) {44,36,24,173,173,143,139,43}
[#.######.] (1,2,5,6,8) (0,1,2,3,4,6,8) (3,5,8) (0,2,5) (0,3,5,7) (1,2,6,8) (1,2,3,4,5,7) (1,3,4,6,7) (1,4,5) (4,6) {38,247,233,56,66,258,235,41,215}
[..#..] (0,4) (1,2,3) (0,2,4) (1,3) (1,4) (0,1,3,4) (3) {39,36,34,48,42}
[....#####] (1,3,8) (0,3,4,6) (0,2,4) (5,7,8) (1,2,4) (1,2,3,6,7) (0,1,4,5,8) (0,2,4,5,7) {43,164,187,158,63,29,152,167,17}
[##....##] (1,4,5,7) (3,7) (3,4) (3,4,5) (1,3) (1,4) (0,1,2,4,7) (2,4,6) (0,4) (0,2,3,5) {39,41,29,57,85,21,7,31}
[....#.] (1,2,5) (1,2,4,5) (0,2,3,4,5) (0,2,3,4) (2,4) {10,3,20,10,19,4}
[#.#...] (3,4,5) (0,1,2,4,5) (0,4,5) (2,4,5) {22,10,124,6,142,142}
[#..##.] (0,2,4) (0,1,2,3,4) (3,5) (0,1,3) (0) (0,1,4,5) (1,3,4) (1,2) {61,52,36,36,39,28}
[.#.#.###.] (1,3,4,5,7,8) (0,1,2,5,6,7) (1,3,4,5,6) (1,3,5) (1,3) (0,1,2,6,7) (1,2,3,4,5,6,8) (0,1,2,4,5,6) (0,1,2,4,5,6,7,8) (0,1,3,5,7) (0,2,8) {56,118,67,66,78,108,82,50,47}
[####.##.#] (3,4,5,6,7) (0,4,5,6,7,8) (0,2,6,7) (2,6) (5,7,8) (0,1,3,5,6,7,8) (3,6,8) {23,3,21,25,15,24,58,32,40}
[#.#.#..##.] (0,2,7) (0,2,4,7,8) (0,2,3,6,7) (0,1,4,6,8) (0,7,8) (0,1,2,5) (3,5,7) (1,9) {37,31,22,17,6,27,5,37,18,16}
[.#...#.#.] (1,3,4,6) (0,3,4,7) (0,1,2,4,5,6) (2,4,5,6,7) (0,1,2,5,7,8) (1,2,3,4,5,6,8) (0,5,6,7) (0,1,3,4) (1,5,7) (1,5) (0,1,2,3,7,8) {51,85,49,42,57,97,59,65,30}
[....##.###] (1,2,6,7,8,9) (0,2,6,7,8,9) (0,3) (1,3,4,5,6,7,8,9) (1,4,5,6,7,9) (1,2,3,4,5,7,8,9) (1,4,5,6,7,8) (3,7) (1,4,6,7,8,9) (0,1,2,3,5,7) (1) (0,6,7) {168,202,169,178,34,168,41,208,42,43}
[##........] (0,1,2,5,6,8,9) (0,1,5,8) (0,2,3,4,5,6,8) (1,3,4) (1,2,3,4,5,6,8,9) (1,3,4,8,9) (0,5,7) (0,1,2,3,4,5,6,7) {215,55,219,225,225,230,219,15,235,50}
[....###..] (4,6) (0,1,3,4,6) (0,1,2,3,5,7) (2,3,4,8) (5,6) (2,8) (0,1,2,4,5,6,7,8) (1,2,3,4,6) (1,2,5,8) (0,1,4,5,6,7,8) {44,66,58,50,66,50,67,32,33}
[###..#] (1,2,3,4) (0,1,4,5) (1,2,3,4,5) (0,2) (0,1,4) (0,1,2,5) {43,46,47,18,32,32}
[.####...#] (0,2,3,5,6,7,8) (0,2,3,5,7,8) (3,4,8) (1,2,3,4,8) (0,3,4,5,6) (2,3,5,6,8) (0,1,2,3,5,6,8) (0,3,4,5,6,7) (0,1,3,4,5,6,7) (0,2,3,8) (1,4,5,6,7,8) {74,33,238,286,53,260,253,37,250}
[..##..##.#] (2,3) (1,5) (1,6,7,9) (2,4,6,7) (1,2,4,5,6,9) (0,2,5,7) (2,3,5,7,8) (1,2,3) (3,5,7) (0,2,4,6,7,9) {33,39,76,49,25,55,25,52,6,25}
[...#.##..] (3,5,6,7) (1,4,5,8) (4,5,7,8) (1,2,3,4,5,7) (0,7) (0,1,3,6,7) (0,1,2,3,5,6,7,8) (3,5,6) (0,1,4,6,7,8) (0,1,3,6) (0,1,2,6,7,8) {231,63,26,51,37,56,81,248,61}
[##.###.#] (0,1,2,4,5,6,7) (0,1,2,3,4,5) (4,7) (1,6) (5,7) (0,1,2,3,6) (1,2,3,6,7) (1,2,3,6) {22,44,39,26,29,24,43,53}
[..##] (0,1) (0,2) (1,2) (0,3) {38,33,19,18}
[#####.###.] (4,5,6) (2,3,4,5,7) (0,2,5,9) (0,1,2,3,5,6,7,8,9) (0,2,3,4,6,7) (0,1,2,5,6,7,8,9) (0,1,3,4,5,6,7,8,9) (0,3,4,5,6,8,9) (0,1,8) (0,1,2,3,4,5,7,9) {97,58,79,77,81,97,75,79,46,75}
[#.##.#.] (0,4,5,6) (0,1,2,3,6) (0,2,4,5) (0,1,2,3,4) (1,3) (0,1,3,5) (0,2) (1) {54,225,40,47,31,24,16}
[..#..##.#.] (0,3,4,8,9) (2,4,5,9) (5,7,8) (0,2,4,6,7,8) (0,1,3,4,5,6,9) (1,7,9) (3,6) (0,4,5,7) (0,1,6) {37,22,2,21,35,37,8,52,38,37}
[#...##] (0,3) (0,1,3,4) (0,2,3,5) (0,2) (1,2,4,5) (0,1,3) {221,187,48,202,182,29}
[.#..#.###] (1,2,3,5,6,8) (0,2,3,5,7) (2,3,5,6) (1,2,4,6) (0,1,3,5,7,8) (0,2,3,4,8) (1,4) (0,2,4) (0,1,2,3,5,6) (0,3,5) (0,2,3,4,5,6,7) {247,54,265,254,224,91,68,37,175}
[.##..###] (2) (2,4,5,6,7) (2,5,7) (1) (6) (1,4,6) (0,2,3,4,5) (4,6) (0,2,3,5,6,7) (0,3,5,7) {41,21,54,41,41,67,52,51}
[#...#.] (0,1,4) (0,1,3,4) (3,4) (0,4,5) (1,2,3) (1,2,4,5) (1,3,4,5) {33,55,26,23,51,19}
[.#..#] (1,4) (2,3,4) (0,2,3) {6,11,18,18,23}
[..#.] (1,3) (1,2,3) (0,2) (0,1) (3) (0) {30,25,19,149}
[#.##..] (0,1,2,4,5) (2,3,4,5) (0,1,2,5) (0,1,4) (1,4,5) (1,2,3,4,5) {21,45,39,25,40,43}
[...##] (0,1,4) (1,2,3,4) (0,1,3) {8,27,19,26,20}
[###..#####] (1,2,5) (1,4,5,8,9) (0,1,3,4,6,8,9) (1,3) (0,3,6,7,9) (0,1,2,3,6,7,9) (0,1,3,5,6,7,8) (0,3,4,6,8,9) (3,7) {47,46,20,69,27,27,47,44,31,55}
[#.##.] (0,3,4) (1,2) (0,1,2,3) (0,1,4) (2,4) {31,33,22,13,32}
[.#..###] (0,1,2,3,4,6) (0,3,5) (0,5) (6) (1,4) (1,2,3,5,6) (0,4) (1,4,5,6) (0,2,3,5) {68,55,43,55,51,77,54}
[...##] (0,3,4) (2,3) (1,2,3) (0,1,4) (0,1,2) {25,21,17,12,13}
[##...##..#] (4,6) (0,2,7) (2,3,6,7) (0,1,4,5,6) (0,1,2,3,4,5,6,8) (4,5,9) (1,2,4,7,8) (0,1,3,6) (1,2,4,6,9) (2,9) (3,4,5,7) (3,8) {43,48,35,67,76,50,63,26,37,18}
[##.#.#.##.] (2,5) (1,3,4,7,9) (1,3,6,8,9) (1,2,5) (6,7) (3,5,6,7,8,9) (0,4,5,7,8) (0,3,4,5,7) {24,35,23,51,41,59,38,70,32,38}
[##..###] (0,2,4) (1,2,5,6) (1) (0,4,6) (4,6) (0,2,3,4) (1,5) {56,22,42,20,63,16,27}
[..#..###] (1,3,4,7) (0,1,4,7) (0,1,6) (1,2,3,4,5,6) (1,5,6) (0,2) (0,1,3,4,5,7) (2,5) {25,60,32,39,44,52,28,32}
[#....] (1,2,4) (1,2) (1) (2,3) (0,2) {139,28,163,3,14}
[###.##.] (0,2,4) (0,3,5) (0,2) (1,2,3,4) (5,6) (0,2,3,4,5) (1,2,4,5) (0,1,2,4,5) {47,38,56,32,42,238,192}
[.###.#.#] (1,3,6,7) (0,2,3,5,6,7) (1,2,3,4,6) (1,4) (0,1,2,4,6,7) (0,1,2,4) (0,3,4,5,6) (4) (4,5,6,7) (0,3,6) {134,53,137,160,53,121,179,142}
[#.#.#.#] (0,1,6) (2,4) (0,3,5,6) (0,3,4,6) (1,2,3) (3,4) {37,29,22,54,21,17,37}
[####.#.] (0,1,2,3,5,6) (0,1,3) (1,3,6) (0,2,4,5,6) (0,1,2,3,5) {35,31,23,31,9,23,20}
[.#..#] (0,2,3,4) (1,2,4) (0,1,2,3) {18,11,23,18,17}
[..#.##] (0,2,3,5) (0,1,2,3,5) (0,1,5) (4) (3,4) (2,5) (0,2,3,4) (1,2,4) {49,38,50,37,40,40}
[...#] (0,2) (2) (0,1,2) (3) (1,2) (1) {25,26,48,0}
[##.#..#] (0,2) (2,5,6) (0,5) (0,1,3,6) (0,6) (2,3,4) (1,2,4,5,6) (5,6) (2,3) {34,31,44,18,27,27,48}
[#...##] (0,1,2,5) (0,2,4,5) (0,1,2,3) (1,4,5) (2,3,5) {18,24,23,9,32,38}
[#..#.#] (3) (0,5) (2,5) (0,1,3,4,5) (1,2,3) {28,24,10,24,14,28}
[#.##..#.#] (3) (2,3,4,6) (0,1,3,4,5,8) (0,1,3,5,6,7,8) (7) (0,1,2,4,6,7,8) (1,2,5) (1,3,4,5,7,8) (0,2,5,6,8) (0,3,5,6,7,8) {61,70,62,73,48,67,63,48,62}
[##.#] (0,1,3) (1,2) (0,1) (0,2) (3) (0,2,3) {32,29,39,23}
[##....#.] (0,1,3,5,6) (4,5,6,7) (2,3,4,5) (3,4,5) (2,4,5,6,7) (1,7) (3,5,6) (0,1,2,3,4,5,6) (0,1) {56,73,27,74,56,92,74,35}
[.##.] (0,3) (0,1) (1,2) (2,3) {12,11,175,176}
[###..] (1,3,4) (0,1,4) (0,2,3) (0,1,2,4) (1,2) (0,3,4) {38,21,29,28,28}
[.#..] (1) (0,2) (0,2,3) (2,3) (3) {14,0,31,185}
[..#.] (1,3) (0,3) (2) (0) (0,1) {8,4,7,6}
[#####..] (0,2,3,5,6) (0,1,4,6) (1,2,3,4) (2,6) (1,2,4) (0,1,2,4,5,6) (0,1,3,4,5) {38,24,36,25,24,30,42}
[#.##.#] (2,4) (0,1,2,4) (1,4,5) (0,1,2,3) (0,3) (1,3,4,5) {144,43,35,152,45,21}
[....#####] (0,2,5,7,8) (0,1,8) (2,6) (0,1,2,4,5) (1,3,4,5,6,7,8) (1,3,4,6,8) (1,2,4,5,6,7,8) {23,19,25,6,12,25,15,22,29}
[....###] (0,1,2,3,4,5) (2,3,4) (0,2,3,4,6) (1,2,5,6) (0,1) (1,2,3,4) (0,1,3,5,6) {46,42,41,58,39,25,36}
[#.#.] (1,2) (2,3) (0,3) {17,14,15,18}
[####] (1,2) (0,3) (1,3) {18,10,1,27}
[#..####..#] (0,2,3,4,5,7,9) (0,1,3,9) (0,1,3,4,6,9) (0,3,4,5,6,9) (0,3,8) (0,4,5) (4) (3,4) (0,1,6,7) (0,2,3,4,5,7) (0,2,4,6,8,9) (1,2,3,4,6,8) (3,4,5,6,7,9) {93,37,22,95,90,63,54,31,25,67}
[...#.#.#.] (1,2,5,6,7,8) (2,7) (3,5,7) (0,1,2,3,4,5,8) (0,3,4,5,6,7,8) (7,8) (5,7) (0,6) (5) (6,7,8) (5,6,8) {30,18,191,32,30,81,47,245,81}
[.#...#] (0,1,2,3,5) (2,4) (1,3) (1,4) (1,3,4,5) {7,26,9,19,13,11}
[..#..] (2) (1,3) (2,3) (4) (0,2,4) (0,3) {13,3,30,23,25}
[#.#.#.] (0,2,3,5) (0,1,2,4,5) (0,2,5) (1,3,4) (1,2,3,5) (0,1,4,5) (4) (0,1,2,5) {52,220,47,211,218,63}
[.####..##] (1,6) (0,1,2,4,5,6,7,8) (0,1,2,3,4,5,6,7) (0,2,6) (0,2,4,8) (0,1,4,5,6,7,8) (0,6,7) (0,1,2,3,4,8) (1,2,3,4,5,8) {79,64,58,28,68,59,70,60,56}
[..#.##.#.#] (0,2,8) (7,9) (1,2,6,8) (5,7) (4,8) (0,4,5,6,7,8) (3,4,5,7,8) (0,3,4,5,6,7) (1,2,3,4,5,7,8,9) (0,1,4,7,8) (4) {53,31,26,29,79,58,36,80,79,7}
[#....#] (0,1) (0,5) (0,1,3,4) (0,1,2,5) (0,3,4) (0,1,2,3) (0,3,4,5) {254,226,198,45,35,207}
[#..#.] (1,2,3) (1,3,4) (0,3) (0) (2,4) {34,36,33,53,29}
[#..###.] (0,1,3,4,5,6) (0,1,6) (1,3,4) (0,1) (2,4,5) (1,2,4,5,6) {47,65,18,21,39,37,49}
[.#..] (0,2) (2,3) (0,1,3) (0) {21,2,20,11}
[##..###.#] (0,2,3,4,5,6,7,8) (1,2,4,5,6,7,8) (0,1,3,4,6,7,8) (0,2,3,5) (3,5,7) (0,1,2,3,4,5,8) (0,8) (0,1,2,3,4,7,8) {157,146,150,162,148,52,30,164,161}
[...#.] (3,4) (0,4) (0,2,3) (1,3,4) (1,2,4) (1,3) {22,25,23,39,48}
[#.#.] (1,3) (0,2) {18,6,18,6}
[####....] (0,1,2,3,5,6,7) (0,2,5,6,7) (0,3,4,6,7) (0,2,4,5) (0,1,3,5,6,7) (1,3,4,5,6,7) (0,1,2,4) (0,3,5) (1,3,6) (0,2,4,6) {101,194,73,194,212,212,226,206}
[#...##] (1,2) (0,1,2,3,4) (1,2,3,5) (2,3,5) {16,31,51,46,16,30}
[.##.#] (0,1,2,4) (0,1,2,3,4) (0,3) (1,2,3,4) {28,18,18,16,18}
[.###] (0,1,2) (0,1) (0,2,3) (1,3) {40,29,38,27}
[....###.#] (2,3,4,6,8) (1,3,7) (0,2,3,7,8) (0,2,8) (0,1,2,5,8) (0,1,5,6) (1,2,4,5,6,7,8) (0,1,3,4,5,6,8) (0,1,2,5,6,7,8) (1,2,4,5,6) {70,99,63,46,49,83,82,57,75}
[.#.#..#.] (0,1,3,7) (1,3,5) (0,1,4,5,6,7) (4,6) (2,3,5,6,7) (4,5) (1,2,3,5,6,7) {27,46,140,158,28,173,154,167}
[#..#.##] (0,1,4) (0) (3,4) (1,4,5,6) (1,6) (1,2,3) (0,2,3,4,5,6) (2,4) {33,49,41,51,58,27,44}
[##...#] (2,4) (1,2,4) (2,4,5) (0,1,2,4,5) (0,2,3,4,5) {29,28,249,12,249,39}
[.#...] (0,4) (1) (2,4) (0,3,4) {14,15,16,5,30}
[.#..] (3) (0,2) (1) (2,3) (0,1) (0,1,2) {39,24,23,10}
[##.....#] (0,1,2,3,5,6,7) (0,1,6) (0,1,2,3,5) (0,1,3,4,5,7) (0,2,5,6) (0,1,3,4,6,7) (0,2,5,6,7) {64,41,42,41,22,61,36,40}
[..###.#] (2,3,4,5,6) (0,2,6) (5,6) (1) (3,4) (0,3,5) (1,3,5) (0,4) (2,3,6) {36,34,45,74,31,48,56}
[#..######.] (0,3) (0,4,7,9) (3,8) (1,2,3,4,5,6,7,8) (0,1,2,3,6,7,8,9) (0,2,4,5,8,9) (0,1,3,4,5,6,7,8) (2,3,4,5,6,7,9) (1,2,6) (1,2,5,6,9) (0,1,2,4,7,8,9) (0,1,2,3,4,6,8,9) {68,76,78,65,55,35,63,50,68,71}
[##.##] (1,2,3,4) (0,3,4) (0,2,4) (2,4) (0,1,3,4) {33,14,38,29,59}
[.#.###..] (2,3) (0,1,3,4) (1,2,3,5,7) (1,3,4,5) (0,3,6) (2,5) {171,28,18,191,26,18,154,2}
[#..#..#] (0,1,3,5) (0,1,2,4,6) (1,2,4) (4,5) (0,1,2,3,5,6) (2,4) (1,6) (1,5,6) {29,62,37,23,49,49,28}
[#...] (0,3) (0) (0,2,3) (1,2) (1,2,3) {32,9,18,29}
[.###.#.#..] (2,3,4,5,7,9) (1,3,4,6,9) (0,1,2,3,6,7,9) (6,7) (0,1,2,3,6,7,8,9) (0,1,2,3,4,5,7,8) (0,1,5,8,9) (2,7) (0,1,3,5,7,9) {54,246,72,258,227,54,229,104,37,247}
[..##.#] (2,3,4) (5) (3,5) (1,3,5) (0,1,4) (2,5) (0,4) (2,3,5) {4,21,19,191,4,214}
[####..#] (0,4,5) (3,4,6) (0,4,5,6) (1,2,3,4,5,6) (0,2) {11,5,9,12,19,12,19}
[......#.] (0,1,6) (2,3,5,7) (3,4,5,6) (1,4,7) (1,3,4,5,7) (4,7) (0,1,2,3,4) (6) (0,2,4,6,7) {39,47,28,26,53,20,41,49}
[.#.#] (0,2) (2) (1,3) (0) (0,3) {25,12,201,27}
[#.#.###] (0,1,4,5) (1,2,6) (3,4,5) (1,3) (0,2,4) {3,16,6,28,22,21,5}
[.#.##] (0,2,3,4) (0,2) (1,3,4) {22,20,22,26,26}
[.....##..#] (0,2,4,5,9) (0,1,2,3,6,7,8) (0,1,2,3) (0,3,4,5,6,7,8,9) (0,1,2,3,5,6,9) (1,3,7,8) (2,4,5,6,7) (0,1,3,5,6,7,8) (1,5,6) (2,6,9) {166,157,174,158,25,40,37,27,19,33}
[###.] (0,1,3) (2) (0,1,2) {18,18,26,0}
[###.] (1,3) (0,1,2) {14,31,14,17}
[#..#] (0,1,3) (0,2) (0,3) {19,13,3,16}
[.###] (1,2) (0,2,3) (0,3) (3) (2,3) {11,11,24,17}
[#.##.##.#] (3,5,6) (1,2,3,5,6,7) (1,2,3,4,5,7) (3,7,8) (1,5,7) (1,3,5,8) (0,1,2,3,6,7,8) (3,6,7) (0,5,8) (2,4,7,8) {13,55,35,79,20,64,38,71,50}
[####...#] (1,2,7) (0,1,2,4,5,6) (0,1,3,4,6,7) (2,5) (2,3,5,6,7) (0,1,2,3,7) {28,31,36,39,12,17,25,42}
[#.#.###...] (0,2,3,4,5,8,9) (0,1,2,4,5,6,7,8) (4,8) (0,2,3,4,5,9) (0,1,3,4,5,7,8,9) (0,2,3,4,6,7) (7,9) (5) (0,1,2,3,5,7,8,9) (2,4,5,6,8) (1,5,9) {56,41,54,47,75,68,36,44,54,48}
[.###.] (0,3) (0,4) (1,4) (0,2,3) (1) (1,2,3) (0,2) {44,35,25,30,31}
[..####.##] (0,1,3,4,6,7) (0,1,2,3,4,5,7,8) (2,3) (1,2,3,4,8) (0,2,3,4,5,7) (1,2,3,6,8) (1,2,3,5,6,7,8) (0,1,2,5,6,8) (0,1,2,4,5) {51,254,269,267,55,52,222,50,240}
[#..#....] (0,1,2,3,6) (2,3,4,5,6,7) (1,2,3,4,7) (1,2,3,4,5,6,7) (2,5) (0,2,3,4,5,7) (0,1,2,3,4,5) {194,53,255,245,231,227,51,224}
[####] (1) (1,2,3) (0,2,3) {17,16,24,24}
[.#.#.##] (0,6) (2,4) (3,4,5,6) (1,2,3,4) (2,5,6) (0,1,3,5) {25,20,24,21,22,17,16}
[##.#.#.] (0,1,2,3,5) (1,3,4,5,6) (1,2,3,4,5) (6) (2,4,5,6) (0,1,6) (1,5) {7,24,10,18,14,27,21}
[..#..] (2) (0,3) (0,1,4) {7,0,10,7,0}
[.#.##.####] (0,2,5,6,7,8,9) (0,1,6,7) (3,9) (1,2,3,4,5,7) (0,1,2,3,4,6,7,9) (1,2,4,6,8) (0,3,6,8) (1,2,4,5,6,9) (5,7,9) (1,3,5,9) {162,163,150,168,146,31,164,179,12,174}
[#.........] (8) (1,2,3,5,6,8) (1,2,5,6,8) (1,3,5,6,7,9) (0,1,3,4,5,7,9) (1,4,5,7) (0,1,2,4,5,6,8,9) (0,1,2,8,9) (0,1,6,8) (2,5,6,7,8,9) (4,5,6) (3,7,9) (3,7) {41,71,40,46,60,82,55,42,51,48}
[#.###] (1,4) (2,4) (0,2,3) (0,1,3,4) {109,24,112,109,34}
[#..#] (0,1,2) (1,3) (1) (0,3) (0,2,3) {41,200,26,203}
[.##.##] (1,4,5) (1,3,4,5) (0,1,3,4,5) (2,4) (0,3,4,5) (4) (2,4,5) {15,27,11,17,38,35}
[.#..##] (1,2,5) (3,5) (2,5) (0,2,3,5) (0,1,4) {22,29,24,14,19,35}
[..###.##] (0,1,2,3,6) (3,6) (1,2) (1,2,3,4) (0,2,3,4,5,6,7) (5,6) (2,4,7) (1,5,6,7) (0,2,5,6) (0,1,3,4,6,7) {44,64,66,56,42,49,71,41}
[#..#.#.#.#] (0,1,2,3,4) (0,1,2,6,8,9) (0,1,2,3,5,6,7,8,9) (1,2,3,4,5,6,7,8,9) (0,1,5,6,8) (3,4) (0,1,4,6,8) (0,2,4,5,8,9) (1,2,5,7,9) (0,1,2,3,8,9) (0,2,5,9) {76,87,74,40,67,58,65,32,80,67}
[#...#...#.] (2,3,4) (1,2,4,5,8,9) (2,3,4,5,9) (3,4,5,7) (1,3,4,6,9) (1,3,4,5) (0,1,4,5,7,9) (6) (0,1,3,9) (4,8) (1,2,4,6,8,9) (0,2,4,6,7,8,9) {24,59,127,152,171,29,41,16,15,54}
[.#....#.#] (0,1,4,5,6,7,8) (0,1,2,3,4,5,7) (6,7) (2,3,4,6,7) (2,5,6,7,8) (1,3,4,6) (0,1,2,3,6,7,8) {141,157,164,162,51,43,172,176,139}
[..##.] (1,3,4) (2,3) (0,1,2) (1) (1,2,3) (2,4) (0,2) {36,45,63,33,22}
[.#.#..#.] (1,4,5,6,7) (0,3,4,6,7) (2,4,5,7) (0,1,3,4,5,6) (2,5,7) (1,2,3,4,5,7) {23,28,22,29,51,44,41,59}
[.#.#..#] (3,4,6) (0,1,2,3,5) (0,1,2,5) (0,1,2,5,6) (0,1,3,4,5,6) (4) (2,3) (1,3,5) (5) {39,41,32,36,37,41,24}
[#..######] (0,1,3,4,5,6,7) (3,5) (0,3,4,5,6,7,8) (5,7) (1,2,3,4,8) (0,2,4,6,8) (1,2,3,6) (0,2,3,5,6,7,8) (0,1,2,3,5,7,8) (0,1,2,5,6) (0,2,3,4,6,7,8) {63,32,57,60,39,59,56,38,52}
[..##...] (0,1,3,4,5,6) (0,2,3,4,5) (3,4) (0,1,2,3,6) (0,1,6) {44,38,17,34,23,21,38}
[..#.#] (0,1,2) (1,3,4) (1,2) (0,2) (0,3) (1,3) {11,121,24,107,101}
[#.#..####] (1,7,8) (0,2,4,5,8) (6,7) (0,3,8) (1,2,4,5,6,7,8) (3) (0,1,3,4) (3,7) {28,28,34,31,42,34,23,37,40}
[#.##...###] (0,3,5,6,7,9) (0,3,7,8) (0,2,3,4,6,7) (0,1,2,4,5,6,8) (0,1,2,4,6,7,8,9) (2,5,8) (7,8) (8,9) (3,4,7,8) (0,1,3,4,5) (6,9) {57,25,46,228,229,51,60,227,234,40}
[#.###.] (0,1,2,4) (1,5) (3,5) (2,3,4,5) {17,18,21,14,21,15}
[#....#.##.] (1,2,3,4,5,6,8) (2,4,6) (0,2,4,5,6,7,8,9) (1,3,7) (0,2,4,7,9) (3,8) (1,2,4,7) (3,5,6,7,9) (0,4,7,8) (1,2) (2,4,6,7) (0,1,2,3,4,6,7,9) (0,1,3,4,7,9) {73,59,84,81,102,39,77,115,52,77}
[..#....#..] (1,2,3,4,6,7,8,9) (5,6) (0,2,3,5,8) (0,2,5,6,9) (0,1,4,5,6,8,9) (4,5,9) (3,4,5) (0,2,3,4,5,6,8,9) (1,3,8,9) (2,3,4,8) (3,4,5,9) {26,23,39,218,222,212,30,4,44,52}
[###.#.#.] (2,7) (1,3) (0,1,2,3,7) (0,1,2,3,5,7) (4,5,6) (0,2,3,4,6,7) (3,4,7) (0,1,2,6,7) {35,46,49,66,27,23,15,62}
[..#..] (0,1,3,4) (0,3) (1,2,3,4) (1,3) (1,3,4) (2,3,4) {27,45,23,74,52}
[#.##] (1,2,3) (0,2,3) {153,4,157,157}
[..###..#.#] (1,3) (0,1,4,6,7,8,9) (0,1,2,3,5,6,7,8) (8) (1,4,6) (1,2,4,8,9) (2,3,5,7,8,9) (1,4,9) (0,2,3,4,5,6,8) (0,1,2,3,4,5,7,8) (1,5,8,9) {46,83,64,66,57,47,39,45,87,41}
[####.#.#..] (0,1,2,3,4,5,7,9) (3,5,7) (0,2,3,4,5,9) (1,3,5,6,8,9) (0,2,3,8) (0,2,5,6,7,9) (0,1,2,3,4,5,6,8,9) (0,1,2,4,5,7,8) {40,39,40,67,35,78,32,35,37,50}
[#...#.] (0,4) (0,1,4) (0,3,4,5) (0,1,2,3,4) (4,5) (0,3,4) (0,1,2,3) (0,3) {69,35,27,57,59,31}
[.#.##..] (1,4) (0,3,5,6) (0,1,3,4,5) (0,3,6) (1,3,4) (0,2,3,4,6) {49,43,6,61,49,38,31}
[#.......] (0,1,2,5,6,7) (0,1,5) (0,2,3,5,6) (0,2,3,5,6,7) (0,1) (0,1,2,3,6) (4,6) (1,2,4) (0,2,4,5,6,7) {196,173,52,25,25,181,69,32}
[.####.#..] (0,3,4,5,6,7,8) (0,5) (1,2,4,5,6,8) (2,5,7) (2,5,6,7,8) (1,6,7,8) (0,7) (3,6,7) (0,3,4,6,7,8) {38,24,29,21,23,50,49,74,46}
[...###.] (1,2) (1,3,5,6) (6) (0,1,2,3,4,6) (0,2,3,4,5,6) (0,3,4,6) (3,4,5,6) {141,17,141,142,141,126,148}
[...#.###] (0,1,3,4,5,7) (0,2,4,5,6) (2,3) (2,3,6) (0,1,3,4,5,6) (1,3,4,5,6,7) (0,2,5,7) {25,27,48,59,31,43,39,36}
[..##.#..#.] (0,2,3,4,5,6,8) (0,2,6,7,8) (1,3,4,7,8,9) (0,1,3,5,6,7,8) (0,3,4,5,6,7,9) (0,2,4,5,6,7,8,9) (4,7) (0,1,2,3,4,6,7,9) (1,2) (0,1,3,4,5,6,7,8) (0,4,5,7,8,9) (0,3,4,5,6) {88,171,163,68,65,71,74,69,78,27}
[##.###.##] (0,1,6,7,8) (5,7) (0,1,4,7) (1,6) (2) (2,5,7) (3,4,5,6) (0,5,6) (2,4,6,8) {38,27,139,3,26,29,59,24,27}
